camera_matrix:
- - 629.6773429443547
  - 0.0
  - 320.1018395309984
- - 0.0
  - 633.5957130027031
  - 242.57966399911092
- - 0.0
  - 0.0
  - 1.0
dist_coeff:
- - 0.029001373916050614
  - -0.3362041074876886
  - 0.0056021105323758045
  - -0.005311479113024399
  - 0.7661077524826636
