camera_matrix:
- - 629.6773391422627
  - 0.0
  - 320.10183917963246
- - 0.0
  - 633.5957097672098
  - 242.57966769314916
- - 0.0
  - 0.0
  - 1.0
dist_coeff:
- - 0.02900141055322354
  - -0.33620424228834417
  - 0.005602111807035964
  - -0.0053114789736568805
  - 0.7661077290367551
